<!DOCTYPE html>
<html>
<head>
<meta charset="utf-8" />   <!--It is necessary to use the UTF-8 encoding with plotly graphics to get e.g. negative signs to render correctly -->
<meta name="viewport" content="width=device-width, initial-scale=1.0" />
<link rel="stylesheet" href="main.css">
<script id="MathJax-script" async src="https://cdn.jsdelivr.net/npm/mathjax@3/es5/tex-mml-chtml.js"></script>
<script type="text/x-mathjax-config">
    MathJax.Hub.Config({
      tex2jax: {
        inlineMath: [ ['$','$'], ["\\(","\\)"] ],
        processEscapes: true
      }
    });
  </script>
</head>


<header>
    <h1 class="banner">Successive Over-Relaxation</h1>
    <button onclick="window.location.href='index.html'" class="button-home">PDEs3 Homepage</button>
</header>
<body>
<p>Here, we explore the effect of the weighting in the Successive Over-Relaxation scheme.</p>

<h2>Optimal Correction</h2>
<p>$\omega = \frac{2}{1+\sqrt{1-\lambda}}$ with $\lambda = \frac{1}{4}\left(\cos{\pi / n_i}+\cos{\pi / n_j}\right)^2$</p>
<p>(In this case, $\omega = 1.85$)</p>
<div class="fixed-width">
<html>
<head><meta charset="utf-8" /></head>
<body>
    <div>            <script src="https://cdnjs.cloudflare.com/ajax/libs/mathjax/2.7.5/MathJax.js?config=TeX-AMS-MML_SVG"></script><script type="text/javascript">if (window.MathJax && window.MathJax.Hub && window.MathJax.Hub.Config) {window.MathJax.Hub.Config({SVG: {font: "STIX-Web"}});}</script>                <script type="text/javascript">window.PlotlyConfig = {MathJaxConfig: 'local'};</script>
        <script charset="utf-8" src="https://cdn.plot.ly/plotly-2.35.2.min.js"></script>                <div id="0a384da1-36bb-413f-9357-87424c0f0179" class="plotly-graph-div" style="height:100%; width:100%;"></div>            <script type="text/javascript">                                    window.PLOTLYENV=window.PLOTLYENV || {};                                    if (document.getElementById("0a384da1-36bb-413f-9357-87424c0f0179")) {                    Plotly.newPlot(                        "0a384da1-36bb-413f-9357-87424c0f0179",                        [{"colorbar":{"x":0.55},"colorscale":[[0.0,"#440154"],[0.1111111111111111,"#482878"],[0.2222222222222222,"#3e4989"],[0.3333333333333333,"#31688e"],[0.4444444444444444,"#26828e"],[0.5555555555555556,"#1f9e89"],[0.6666666666666666,"#35b779"],[0.7777777777777778,"#6ece58"],[0.8888888888888888,"#b5de2b"],[1.0,"#fde725"]],"visible":true,"x":[1.0,0.9750000000000001,0.9500000000000001,0.925,0.9,0.875,0.8500000000000001,0.8250000000000001,0.8,0.775,0.75,0.7250000000000001,0.7000000000000001,0.675,0.65,0.625,0.6000000000000001,0.5750000000000001,0.55,0.525,0.5,0.47500000000000003,0.45,0.42500000000000004,0.4,0.375,0.35000000000000003,0.325,0.30000000000000004,0.275,0.25,0.225,0.2,0.17500000000000002,0.15000000000000002,0.125,0.1,0.07500000000000001,0.05,0.025,0.0],"y":[1.0,0.9750000000000001,0.9500000000000001,0.925,0.9,0.875,0.8500000000000001,0.8250000000000001,0.8,0.775,0.75,0.7250000000000001,0.7000000000000001,0.675,0.65,0.625,0.6000000000000001,0.5750000000000001,0.55,0.525,0.5,0.47500000000000003,0.45,0.42500000000000004,0.4,0.375,0.35000000000000003,0.325,0.30000000000000004,0.275,0.25,0.225,0.2,0.17500000000000002,0.15000000000000002,0.125,0.1,0.07500000000000001,0.05,0.025,0.0],"z":[[1.0,1.0,1.0,1.0,1.0,1.0,1.0,1.0,1.0,1.0,1.0,1.0,1.0,1.0,1.0,1.0,1.0,1.0,1.0,1.0,1.0,1.0,1.0,1.0,1.0,1.0,1.0,1.0,1.0,1.0,1.0,1.0,1.0,1.0,1.0,1.0,1.0,1.0,1.0,1.0,1.0],[1.0,0.9288938684088965,0.8958688435882705,0.8805304720583049,0.8734066124255236,0.8700979576593756,0.8685612630968972,0.8678475500185454,0.8675160681674032,0.8673621124378958,0.867290608171323,0.8672573982339307,0.8672419739803237,0.8672348102330235,0.8672314830525526,0.8672299377537832,0.8672292200445073,0.8672288867066346,0.8672287318888815,0.8672286599842507,0.8672286265883654,0.867228611077749,0.8672286038738906,0.8672286005280806,0.8672285989741294,0.8672285982524015,0.8672285979171973,0.8672285977615127,0.8672285976892055,0.8672285976556227,0.8672285976400251,0.8672285976327809,0.8672285976294164,0.8672285976278539,0.867228597627128,0.8672285976267909,0.8672285976266344,0.8672285976265617,0.8672285976265279,1.3316755318309603,1.0],[1.0,0.8958688435882705,0.8321670757077132,0.7954571252794038,0.77509864658203,0.7641065190034899,0.758287545970901,0.7552534599345545,0.7536903322473535,0.75289283811869,0.7524892344781938,0.7522863577511247,0.7521849685299159,0.7521345514364931,0.7521095900732521,0.7520972791353454,0.7520912280201045,0.7520882627804294,0.7520868136793224,0.7520861072528705,0.7520857636446542,0.7520855968530132,0.752085516041337,0.7520854769546506,0.752085458079231,0.7520854489773959,0.752085444594392,0.7520854424864121,0.7520854414737844,0.752085440987875,0.7520854407549518,0.7520854406434067,0.7520854405900372,0.7520854405645243,0.7520854405523377,0.7520854405465212,0.7520854405437469,0.7520854405424248,0.7520854405417949,1.4322433294378545,1.0],[1.0,0.8805304720583049,0.7954571252794038,0.7388952462542057,0.7031698219320477,0.6814719981782312,0.6686919062716584,0.661347059809106,0.6572097785252806,0.6549178372139626,0.6536658996250821,0.6529902155762026,0.652629306278258,0.6524382669968299,0.6523379461596271,0.6522856346769836,0.6522585283473239,0.6522445616991397,0.6522374019016429,0.6522337484580462,0.6522318920395858,0.652230952365857,0.6522304784045392,0.6522302401209665,0.652230120684261,0.6522300609849299,0.6522300312220859,0.6522300164197794,0.6522300090745817,0.6522300054374479,0.6522300036400118,0.6522300027533914,0.6522300023168159,0.6522300021022005,0.652230001996863,0.6522300019452378,0.6522300019199722,0.6522300019076235,0.6522300019015957,1.432574182375989,1.0],[1.0,0.8734066124255236,0.77509864658203,0.7031698219320477,0.6531701360428547,0.6198704474990651,0.5984688347400803,0.5851176298854042,0.5769951561145,0.5721582129580294,0.5693302509631146,0.5677029932995368,0.5667795952495711,0.5662619982476422,0.5659750082016675,0.5658174206469297,0.565731640138555,0.5656853128774956,0.5656604709771296,0.5656472364019869,0.5656402274362738,0.5656365357150541,0.5656346009765706,0.5656335917231387,0.5656330675064647,0.5656327963084663,0.5656326565281258,0.5656325847326892,0.5656325479760642,0.5656325292153068,0.5656325196671169,0.5656325148207013,0.5656325123670323,0.5656325111277557,0.5656325105032537,0.5656325101892286,0.5656325100316459,0.565632509952722,0.5656325099132664,1.3925079063450043,1.0],[1.0,0.8700979576593756,0.7641065190034899,0.6814719981782312,0.6198704474990651,0.5757938578897603,0.5453827075425899,0.5250574158355261,0.5118449383743168,0.5034619403042688,0.4982550442726083,0.4950809425409729,0.4931778713295048,0.49205359939906645,0.4913981431007621,0.49102052737584295,0.4908053044159677,0.490683828217714,0.4906158712253915,0.4905781620507991,0.4905573928476309,0.49054603204629105,0.4905398569735815,0.49053652023533073,0.4905347270266529,0.4905337682193011,0.4905332579836156,0.49053298766104525,0.49053284503905437,0.4905327700853318,0.4905327308386776,0.49053271035978646,0.49053269970882923,0.49053269418644657,0.49053269133154487,0.4905326898597465,0.4905326891029855,0.49053268871485417,0.4905326885162628,1.3390193654702844,1.0],[1.0,0.8685612630968972,0.758287545970901,0.6686919062716584,0.5984688347400803,0.5453827075425899,0.5066026529725542,0.47915135609906306,0.46026519077612993,0.44760011143993966,0.4392995272721639,0.4339701445852234,0.4306110535453326,0.4285287693588374,0.42725723418402484,0.426491291104604,0.4260355915457073,0.4257675240348017,0.42561145848445986,0.42552146040753785,0.42547001488388975,0.4254408446788005,0.4254244286728882,0.4254152545714196,0.4254101608378456,0.4254073497537685,0.42540580717698717,0.4254049651814413,0.42540450787884493,0.4254042606740295,0.42540412763252256,0.4254040563304443,0.42540401826760826,0.42540399802458706,0.4254039872968276,0.42540398163078036,0.4254039786477267,0.4254039770819902,0.42540397626255355,1.2839279459110327,1.0],[1.0,0.8678475500185454,0.7552534599345545,0.661347059809106,0.5851176298854042,0.5250574158355261,0.47915135609906306,0.4450807567202274,0.42048514970910456,0.4031795381687414,0.3912868190754572,0.38328806670307486,0.3780129511510704,0.37459582939880764,0.37241819706349105,0.3710510624865167,0.37020445276054814,0.3696867443352545,0.36937381207792386,0.3691866723194822,0.3690758621166694,0.36901084864537054,0.36897302897432593,0.36895120286075545,0.36893870002028,0.36893158751497085,0.3689275676886287,0.36892530963035813,0.36892404848932825,0.36892334794272463,0.3689229607852823,0.36892274785516355,0.36892263128225516,0.36892256773851617,0.36892253324334634,0.3689225145905922,0.3689225045419076,0.3689224991476253,0.36892249626168266,1.2321082547700326,1.0],[1.0,0.8675160681674032,0.7536903322473535,0.6572097785252806,0.5769951561145,0.5118449383743168,0.46026519077612993,0.42048514970910456,0.39058607732178413,0.36866200659148146,0.3529559022332804,0.34194625419900526,0.33438284567711346,0.32928297205534324,0.32590295672491965,0.3236981575042197,0.32228093997393553,0.3213822695459548,0.3208195443932881,0.3204712719342563,0.3202580523994161,0.3201288279327204,0.3200512447950701,0.320005074473109,0.3199778239026953,0.31996186407752597,0.319952584589635,0.319947226011692,0.3199441515035098,0.3199423981908881,0.31994140405612903,0.3199408434385472,0.3199405289195001,0.3199403533293982,0.31994025575593776,0.31994020177502874,0.3199401720366803,0.3199401557194376,0.31994014680057714,1.1852910560508323,1.0],[1.0,0.8673621124378958,0.75289283811869,0.6549178372139626,0.5721582129580294,0.5034619403042688,0.44760011143993966,0.4031795381687414,0.36866200659148146,0.3424478774381473,0.3229781535025802,0.30882210263471,0.298734566308557,0.2916808203197379,0.2868348918627947,0.2835602030090029,0.2813810614733446,0.2799515811427746,0.27902630741378,0.27843481279118343,0.27806106576785106,0.2778274622013152,0.2776829324905908,0.2775943624450573,0.27754056991506293,0.27750817364755365,0.27748881747072734,0.2774773387786451,0.2774705795893994,0.2774666259840047,0.27746432802125903,0.27746300036238974,0.277462237657891,0.27746180186984043,0.2774615541517218,0.2774614140285334,0.2774613351368634,0.27746129091737576,0.27746126623743284,1.14381776579167,1.0],[1.0,0.867290608171323,0.7524892344781938,0.6536658996250821,0.5693302509631146,0.4982550442726083,0.4392995272721639,0.3912868190754572,0.3529559022332804,0.3229781535025802,0.3000124264185741,0.2827713304566069,0.2700786309743887,0.2609074549139302,0.2543972536943996,0.2498526914983175,0.24672988791361167,0.2446155936055336,0.24320387554940937,0.242273489562218,0.24166778898368546,0.2412779767466433,0.2410298032671863,0.24087340376939126,0.24077578072649028,0.24071539365638286,0.240678357149821,0.2406558244145484,0.24064221987000894,0.24063406504110169,0.24062921027406461,0.2406263388653065,0.24062465101254576,0.2406236646940816,0.24062309154957404,0.2406227602745794,0.24062256977392946,0.24062246075888116,0.24062239866465238,1.107445924175689,1.0],[1.0,0.8672573982339307,0.7522863577511247,0.6529902155762026,0.5677029932995368,0.4950809425409729,0.4339701445852234,0.38328806670307486,0.34194625419900526,0.30882210263471,0.2827713304566069,0.26266455502296804,0.24743093945478253,0.23609620880296042,0.2278081849042234,0.22184812963456998,0.21762962368585112,0.21468837402165264,0.21266665150925784,0.21129555376718615,0.21037743584764101,0.2097699716962605,0.20937257342182808,0.20911536374434778,0.20895056277521126,0.2088459748807649,0.20878019786190807,0.20873918266734234,0.20871381469696787,0.20869824513561552,0.20868875911891185,0.20868301975054146,0.20867957020045746,0.20867750997490975,0.20867628691426096,0.20867556500783666,0.20867514124316824,0.20867489379526222,0.2086747500293667,1.075715146382078,1.0],[1.0,0.8672419739803237,0.7521849685299159,0.652629306278258,0.5667795952495711,0.4931778713295048,0.4306110535453326,0.3780129511510704,0.33438284567711346,0.298734566308557,0.2700786309743887,0.24743093945478253,0.2298370825142004,0.21640128869604341,0.20631172815821572,0.19885753330127187,0.19343618319819605,0.18955219937430665,0.18680931217210767,0.1848985844773779,0.18358473580449022,0.18269238795361117,0.18209336931980818,0.1816956967056536,0.18143445757432305,0.18126455033375183,0.18115508750202025,0.18108519844404133,0.18104095660926114,0.1810131773896969,0.18099586966495987,0.18098516551322383,0.18097859186980586,0.18097458189583443,0.18097215142894846,0.18097068731882904,0.18096981050117167,0.18096928833947754,0.1809689790514501,1.0481100235254488,1.0],[1.0,0.8672348102330235,0.7521345514364931,0.6524382669968299,0.5662619982476422,0.49205359939906645,0.4285287693588374,0.37459582939880764,0.32928297205534324,0.2916808203197379,0.2609074549139302,0.23609620880296042,0.21640128869604341,0.20101383018553817,0.1891811067958716,0.18022335674598158,0.1735450277633179,0.16863939396220592,0.1650870618310198,0.16254976044349767,0.16076110560477908,0.1595159221250016,0.15865938810729577,0.15807687568226933,0.15768499785868909,0.15742407850796208,0.15725205563883524,0.15713970038594346,0.15706696934866887,0.15702028766802398,0.1569905679848728,0.15697179325869062,0.15696002028614278,0.15695268994501918,0.15694815656766375,0.15694537105299314,0.15694367009397137,0.1569426375723705,0.15694201437300237,1.0241296587632063,1.0],[1.0,0.8672314830525526,0.7521095900732521,0.6523379461596271,0.5659750082016675,0.4913981431007621,0.42725723418402484,0.37241819706349105,0.32590295672491965,0.2868348918627947,0.2543972536943996,0.2278081849042234,0.20631172815821572,0.1891811067958716,0.17572917012149375,0.16532105982592543,0.15738531548668008,0.15142117677843112,0.14700128107260946,0.14377003221194984,0.14143855332877206,0.13977738345961305,0.13860804360812407,0.1377944011891174,0.13723450100832651,0.13685327389337787,0.13659631863442537,0.13642479349942982,0.13631134946905843,0.13623697957348962,0.1361886354877705,0.13615746236135545,0.13613751617735614,0.13612484767888705,0.13611685832039777,0.1361118539635922,0.13610873970021334,0.1361068137386427,0.1361056297886599,1.003314656928176,1.0],[1.0,0.8672299377537832,0.7520972791353454,0.6522856346769836,0.5658174206469297,0.49102052737584295,0.426491291104604,0.3710510624865167,0.3236981575042197,0.2835602030090029,0.2498526914983175,0.22184812963456998,0.19885753330127187,0.18022335674598158,0.16532105982592543,0.1535657187911625,0.14442025455804627,0.1374026457948827,0.13209053190931286,0.12812259327403008,0.1251968481203073,0.1230664695004735,0.12153392537272985,0.12044424622401993,0.11967810416170627,0.1191452120649261,0.11877836988206658,0.11852832683181293,0.11835950637159369,0.11824655735641985,0.11817164527020178,0.11812237431842991,0.11809022663192657,0.11806941189221339,0.11805603391711071,0.11804749629941243,0.11804208461896842,0.11803867667363042,0.11803654398192648,0.9852550616336218,1.0],[1.0,0.8672292200445073,0.7520912280201045,0.6522585283473239,0.565731640138555,0.4908053044159677,0.4260355915457073,0.37020445276054814,0.32228093997393553,0.2813810614733446,0.24672988791361167,0.21762962368585112,0.19343618319819605,0.1735450277633179,0.15738531548668008,0.14442025455804627,0.1341510889330212,0.126122299566143,0.11992615795102532,0.11520548203971887,0.11165412521842971,0.10901526061183942,0.10707786261386434,0.10567194591348615,0.10466313988024202,0.1039471029102835,0.10344416300764325,0.10309444238366346,0.10285360756684818,0.10268929375070973,0.10257818601377795,0.10250369862349781,0.10245417228900706,0.1024215025927444,0.10240011589295153,0.1023862176354346,0.10237724919394896,0.10237150101903218,0.10236784077469133,0.969590056798533,1.0],[1.0,0.8672288867066346,0.7520882627804294,0.6522445616991397,0.5656853128774956,0.490683828217714,0.4257675240348017,0.3696867443352545,0.3213822695459548,0.2799515811427746,0.2446155936055336,0.21468837402165264,0.18955219937430665,0.16863939396220592,0.15142117677843112,0.1374026457948827,0.126122299566143,0.11715423073662025,0.11011125968597595,0.10464766991943444,0.10046070561469964,0.0972904703034306,0.09491824567191166,0.09316349951332094,0.09187997617030925,0.09095128651319336,0.09028637055324813,0.0898151257025125,0.08948440248400916,0.08925448405095211,0.08909609549181732,0.08898793697106161,0.0889147007234719,0.08886551303253566,0.08883273497312817,0.08881105630083266,0.08879682234279479,0.08878754170240515,0.08878153134816616,0.9560043735682756,1.0],[1.0,0.8672287318888815,0.7520868136793224,0.6522374019016429,0.5656604709771296,0.4906158712253915,0.42561145848445986,0.36937381207792386,0.3208195443932881,0.27902630741378,0.24320387554940937,0.21266665150925784,0.18680931217210767,0.1650870618310198,0.14700128107260946,0.13209053190931286,0.11992615795102532,0.11011125968597595,0.10228167396508278,0.09610769936410202,0.09129559305386284,0.08758821895998078,0.08476456797077503,0.08263814545191055,0.08105440655055902,0.07988751680917112,0.07903674026712873,0.07842273148430029,0.0779839536026369,0.07767337964935117,0.07745557144820066,0.07730417720355863,0.07719984826011278,0.07712854792992462,0.07708020904095998,0.07704768959929224,0.07702597512613533,0.07701157954067332,0.07700210206453963,0.9442236248254514,1.0],[1.0,0.8672286599842507,0.7520861072528705,0.6522337484580462,0.5656472364019869,0.4905781620507991,0.42552146040753785,0.3691866723194822,0.3204712719342563,0.27843481279118343,0.242273489562218,0.21129555376718615,0.1848985844773779,0.16254976044349767,0.14377003221194984,0.12812259327403008,0.11520548203971887,0.10464766991943444,0.09610769936410202,0.08927385264619997,0.08386492546639077,0.07963088728854076,0.07635296519233375,0.07384293390447949,0.07194159489076529,0.07051656545202019,0.06945957434139931,0.0686834835638308,0.06811924153958947,0.06771293594083397,0.06742306819987294,0.06721812542347862,0.06707448512136271,0.06697465660365313,0.06690584070587427,0.06685877581814172,0.06682683145484007,0.0668053090077056,0.06679091118838311,0.9340095358922065,1.0],[1.0,0.8672286265883654,0.7520857636446542,0.6522318920395858,0.5656402274362738,0.4905573928476309,0.42547001488388975,0.3690758621166694,0.3202580523994161,0.27806106576785106,0.24166778898368546,0.21037743584764101,0.18358473580449022,0.16076110560477908,0.14143855332877206,0.1251968481203073,0.11165412521842971,0.10046070561469964,0.09129559305386284,0.08386492546639077,0.07790161504029951,0.07316548774418496,0.0694433870733582,0.06654889249159124,0.06432148228121531,0.06262511788381428,0.06134633035933857,0.060391948431790896,0.059686628193173046,0.059170336981022545,0.05879591892676843,0.05852683656517561,0.0583351487893394,0.058199754940531416,0.058104910349794495,0.058039000927584794,0.05799355303690375,0.057962448868822694,0.05794131561027291,0.9251554660662668,1.0],[1.0,0.867228611077749,0.7520855968530132,0.652230952365857,0.5656365357150541,0.49054603204629105,0.4254408446788005,0.36901084864537054,0.3201288279327204,0.2778274622013152,0.2412779767466433,0.2097699716962605,0.18269238795361117,0.1595159221250016,0.13977738345961305,0.1230664695004735,0.10901526061183942,0.0972904703034306,0.08758821895998078,0.07963088728854076,0.07316548774418496,0.06796297294471969,0.06381796265058895,0.060548486192661004,0.05799547403189797,0.05602186411717842,0.054511298097729775,0.05336646058077378,0.052507160483402926,0.05186827131697745,0.05139764388492559,0.05105408793906631,0.05080549563347266,0.05062715444128387,0.05050027414193577,0.050410733546812136,0.05034803855842725,0.05030447382777568,0.05027442504504191,0.9174823566624745,1.0],[1.0,0.8672286038738906,0.752085516041337,0.6522304784045392,0.5656346009765706,0.4905398569735815,0.4254244286728882,0.36897302897432593,0.3200512447950701,0.2776829324905908,0.2410298032671863,0.20937257342182808,0.18209336931980818,0.15865938810729577,0.13860804360812407,0.12153392537272985,0.10707786261386434,0.09491824567191166,0.08476456797077503,0.07635296519233375,0.0694433870733582,0.06381796265058895,0.059280114200480044,0.05565402608260431,0.052784161902048675,0.05053462520759945,0.04878825702983576,0.047445445408768765,0.04642268137236462,0.0456509316365994,0.04507391336988115,0.04464635549914184,0.0443323196226822,0.04410363660267586,0.04393849630908614,0.04382021055112275,0.04373615459833126,0.04367688156316506,0.04363539631868385,0.9108351279860154,1.0],[1.0,0.8672286005280806,0.7520854769546506,0.6522302401209665,0.5656335917231387,0.49053652023533073,0.4254152545714196,0.36895120286075545,0.320005074473109,0.2775943624450573,0.24087340376939126,0.20911536374434778,0.1816956967056536,0.15807687568226933,0.1377944011891174,0.12044424622401993,0.10567194591348615,0.09316349951332094,0.08263814545191055,0.07384293390447949,0.06654889249159124,0.060548486192661004,0.05565402608260431,0.051696683580399944,0.048525808367411945,0.04600831467487744,0.04402797710134619,0.04248455064601105,0.04129269133953814,0.040380699139894505,0.03968913279379439,0.03916935898228937,0.03878209862900422,0.03849602561763544,0.0382864609814752,0.03813419187104677,0.03802443141995859,0.037945924335489864,0.03789019426618102,0.9050795015266082,1.0],[1.0,0.8672285989741294,0.752085458079231,0.652230120684261,0.5656330675064647,0.4905347270266529,0.4254101608378456,0.36893870002028,0.3199778239026953,0.27754056991506293,0.24077578072649028,0.20895056277521126,0.18143445757432305,0.15768499785868909,0.13723450100832651,0.11967810416170627,0.10466313988024202,0.09187997617030925,0.08105440655055902,0.07194159489076529,0.06432148228121531,0.05799547403189797,0.052784161902048675,0.048525808367411945,0.045075325852074084,0.042303517598922674,0.04009639803882745,0.038354468440368106,0.036991879177869294,0.03593545679117897,0.03512360878321053,0.03450514111163633,0.03403803381384691,0.033688221528355225,0.03342842063202926,0.03323703598071458,0.03309717006115289,0.03299574738891794,0.0329227582799061,0.9000992080484282,1.0],[1.0,0.8672285982524015,0.7520854489773959,0.6522300609849299,0.5656327963084663,0.4905337682193011,0.4254073497537685,0.36893158751497085,0.31996186407752597,0.27750817364755365,0.24071539365638286,0.2088459748807649,0.18126455033375183,0.15742407850796208,0.13685327389337787,0.1191452120649261,0.1039471029102835,0.09095128651319336,0.07988751680917112,0.07051656545202019,0.06262511788381428,0.05602186411717842,0.05053462520759945,0.04600831467487744,0.042303517598922674,0.03929547810976712,0.03687331347795401,0.03493931267896553,0.033408221531578915,0.03220645880346436,0.03127124347040945,0.0305496401621839,0.029997547165563937,0.029578660022344383,0.029263445443096243,0.029028156983591003,0.02885391768238,0.028725887323936276,0.028632524448561132,0.8957935400610608,1.0],[1.0,0.8672285979171973,0.752085444594392,0.6522300312220859,0.5656326565281258,0.4905332579836156,0.42540580717698717,0.3689275676886287,0.319952584589635,0.27748881747072734,0.240678357149821,0.20878019786190807,0.18115508750202025,0.15725205563883524,0.13659631863442537,0.11877836988206658,0.10344416300764325,0.09028637055324813,0.07903674026712873,0.06945957434139931,0.06134633035933857,0.054511298097729775,0.04878825702983576,0.04402797710134619,0.04009639803882745,0.03687331347795401,0.0342513947975906,0.03213541196292329,0.03044153963314154,0.02909667080792668,0.028037692710890152,0.02721070713611473,0.026570198321603098,0.02607816511692626,0.02570324135853897,0.02541983016472469,0.025207275795373046,0.025049092262711632,0.024932262304688913,0.8920752103561514,1.0],[1.0,0.8672285977615127,0.7520854424864121,0.6522300164197794,0.5656325847326892,0.49053298766104525,0.4254049651814413,0.36892530963035813,0.319947226011692,0.2774773387786451,0.2406558244145484,0.20873918266734234,0.18108519844404133,0.15713970038594346,0.13642479349942982,0.11852832683181293,0.10309444238366346,0.0898151257025125,0.07842273148430029,0.0686834835638308,0.060391948431790896,0.05336646058077378,0.047445445408768765,0.04248455064601105,0.038354468440368106,0.03493931267896553,0.03213541196292329,0.029850387131153348,0.028002400542955882,0.02651948863483845,0.025338915614859764,0.02440651118029043,0.023675976443985218,0.02310815851193946,0.02267030502407111,0.022335315853913667,0.02208101093564522,0.0218894319392161,0.021746192345839747,0.8888684830997966,1.0],[1.0,0.8672285976892055,0.7520854414737844,0.6522300090745817,0.5656325479760642,0.49053284503905437,0.42540450787884493,0.36892404848932825,0.3199441515035098,0.2774705795893994,0.24064221987000894,0.20871381469696787,0.18104095660926114,0.15706696934866887,0.13631134946905843,0.11835950637159369,0.10285360756684818,0.08948440248400916,0.0779839536026369,0.06811924153958947,0.059686628193173046,0.052507160483402926,0.04642268137236462,0.04129269133953814,0.036991879177869294,0.033408221531578915,0.03044153963314154,0.028002400542955882,0.026011258165081673,0.024397744302693033,0.023100039216276666,0.022064271686314703,0.021243918013868546,0.020599185968012607,0.02009638243586027,0.019707272183773637,0.019408439980481588,0.019180670002271565,0.019008355744187765,0.8861075486407628,1.0],[1.0,0.8672285976556227,0.752085440987875,0.6522300054374479,0.5656325292153068,0.4905327700853318,0.4254042606740295,0.36892334794272463,0.3199423981908881,0.2774666259840047,0.24063406504110169,0.20869824513561552,0.1810131773896969,0.15702028766802398,0.13623697957348962,0.11824655735641985,0.10268929375070973,0.08925448405095211,0.07767337964935117,0.06771293594083397,0.059170336981022545,0.05186827131697745,0.0456509316365994,0.040380699139894505,0.03593545679117897,0.03220645880346436,0.02909667080792668,0.02651948863483845,0.024397744302693033,0.022662915085779646,0.02125446382572832,0.020119253902181743,0.01921099838538109,0.0184897180730476,0.017921196084266962,0.017476426725900822,0.017131063260319036,0.01686487318945989,0.016661211198246963,0.8837351170072282,1.0],[1.0,0.8672285976400251,0.7520854407549518,0.6522300036400118,0.5656325196671169,0.4905327308386776,0.42540412763252256,0.3689229607852823,0.31994140405612903,0.27746432802125903,0.24062921027406461,0.20868875911891185,0.18099586966495987,0.1569905679848728,0.1361886354877705,0.11817164527020178,0.10257818601377795,0.08909609549181732,0.07745557144820066,0.06742306819987294,0.05879591892676843,0.05139764388492559,0.04507391336988115,0.03968913279379439,0.03512360878321053,0.03127124347040945,0.028037692710890152,0.025338915614859764,0.023100039216276666,0.02125446382572832,0.019743141124037734,0.018513967159974283,0.017521244590508744,0.016725181206839596,0.01609140371414506,0.015590475935774065,0.015197418562076128,0.014891233107569474,0.014654436024493046,0.8817012078313358,1.0],[1.0,0.8672285976327809,0.7520854406434067,0.6522300027533914,0.5656325148207013,0.49053271035978646,0.4254040563304443,0.36892274785516355,0.3199408434385472,0.27746300036238974,0.2406263388653065,0.20868301975054146,0.18098516551322383,0.15697179325869062,0.13615746236135545,0.11812237431842991,0.10250369862349781,0.08898793697106161,0.07730417720355863,0.06721812542347862,0.05852683656517561,0.05105408793906631,0.04464635549914184,0.03916935898228937,0.03450514111163633,0.0305496401621839,0.02721070713611473,0.02440651118029043,0.022064271686314703,0.020119253902181743,0.018513967159974283,0.017197510574823785,0.016125019395933547,0.015257174957959106,0.014559751255925735,0.014003180584752565,0.013562128750677614,0.013215076682872643,0.012943909734707907,0.8799621162589755,1.0],[1.0,0.8672285976294164,0.7520854405900372,0.6522300023168159,0.5656325123670323,0.49053269970882923,0.42540401826760826,0.36892263128225516,0.3199405289195001,0.277462237657891,0.24062465101254576,0.20867957020045746,0.18097859186980586,0.15696002028614278,0.13613751617735614,0.11809022663192657,0.10245417228900706,0.0889147007234719,0.07719984826011278,0.06707448512136271,0.0583351487893394,0.05080549563347266,0.0443323196226822,0.03878209862900422,0.03403803381384691,0.029997547165563937,0.026570198321603098,0.023675976443985218,0.021243918013868546,0.01921099838538109,0.017521244590508744,0.016125019395933547,0.014978431644857201,0.014042834790489808,0.01328438339957663,0.012673625434429413,0.012185115597814482,0.011797041432968627,0.011490858919129331,0.8784795355133532,1.0],[1.0,0.8672285976278539,0.7520854405645243,0.6522300021022005,0.5656325111277557,0.49053269418644657,0.42540399802458706,0.36892256773851617,0.3199403533293982,0.27746180186984043,0.2406236646940816,0.20867750997490975,0.18097458189583443,0.15695268994501918,0.13612484767888705,0.11806941189221339,0.1024215025927444,0.08886551303253566,0.07712854792992462,0.06697465660365313,0.058199754940531416,0.05062715444128387,0.04410363660267586,0.03849602561763544,0.033688221528355225,0.029578660022344383,0.02607816511692626,0.02310815851193946,0.020599185968012607,0.0184897180730476,0.016725181206839596,0.015257174957959106,0.014042834790489808,0.013044303131965114,0.012228277741204512,0.011565612585779192,0.011030952889993267,0.0106023919773362,0.010261142645473094,0.8772198174780974,1.0],[1.0,0.867228597627128,0.7520854405523377,0.652230001996863,0.5656325105032537,0.49053269133154487,0.4254039872968276,0.36892253324334634,0.31994025575593776,0.2774615541517218,0.24062309154957404,0.20867628691426096,0.18097215142894846,0.15694815656766375,0.13611685832039777,0.11805603391711071,0.10240011589295153,0.08883273497312817,0.07708020904095998,0.06690584070587427,0.058104910349794495,0.05050027414193577,0.04393849630908614,0.0382864609814752,0.03342842063202926,0.029263445443096243,0.02570324135853897,0.02267030502407111,0.02009638243586027,0.017921196084266962,0.01609140371414506,0.014559751255925735,0.01328438339957663,0.012228277741204512,0.011358772215005862,0.010647160239247671,0.010068333182213151,0.009600454928135452,0.009224658101464996,0.8761533532298459,1.0],[1.0,0.8672285976267909,0.7520854405465212,0.6522300019452378,0.5656325101892286,0.4905326898597465,0.42540398163078036,0.3689225145905922,0.31994020177502874,0.2774614140285334,0.2406227602745794,0.20867556500783666,0.18097068731882904,0.15694537105299314,0.1361118539635922,0.11804749629941243,0.1023862176354346,0.08881105630083266,0.07704768959929224,0.06685877581814172,0.058039000927584794,0.050410733546812136,0.04382021055112275,0.03813419187104677,0.03323703598071458,0.029028156983591003,0.02541983016472469,0.022335315853913667,0.019707272183773637,0.017476426725900822,0.015590475935774065,0.014003180584752565,0.012673625434429413,0.011565612585779192,0.010647160239247671,0.009890081862204162,0.00926962467895956,0.008764150621709158,0.008354847061468471,0.8752540561084433,1.0],[1.0,0.8672285976266344,0.7520854405437469,0.6522300019199722,0.5656325100316459,0.4905326891029855,0.4254039786477267,0.3689225045419076,0.3199401720366803,0.2774613351368634,0.24062256977392946,0.20867514124316824,0.18096981050117167,0.15694367009397137,0.13610873970021334,0.11804208461896842,0.10237724919394896,0.08879682234279479,0.07702597512613533,0.06682683145484007,0.05799355303690375,0.05034803855842725,0.04373615459833126,0.03802443141995859,0.03309717006115289,0.02885391768238,0.025207275795373046,0.02208101093564522,0.019408439980481588,0.017131063260319036,0.015197418562076128,0.013562128750677614,0.012185115597814482,0.011030952889993267,0.010068333182213151,0.00926962467895956,0.00861049752673732,0.00806960206542696,0.007628285042983511,0.8744989308154741,1.0],[1.0,0.8672285976265617,0.7520854405424248,0.6522300019076235,0.565632509952722,0.49053268871485417,0.4254039770819902,0.3689224991476253,0.3199401557194376,0.27746129091737576,0.24062246075888116,0.20867489379526222,0.18096928833947754,0.1569426375723705,0.1361068137386427,0.11803867667363042,0.10237150101903218,0.08878754170240515,0.07701157954067332,0.0668053090077056,0.057962448868822694,0.05030447382777568,0.04367688156316506,0.037945924335489864,0.03299574738891794,0.028725887323936276,0.025049092262711632,0.0218894319392161,0.019180670002271565,0.01686487318945989,0.014891233107569474,0.013215076682872643,0.011797041432968627,0.0106023919773362,0.009600454928135452,0.008764150621709158,0.00806960206542696,0.00749580387907487,0.007024336732485474,0.8738677132469856,1.0],[1.0,0.8672285976265279,0.7520854405417949,0.6522300019015957,0.5656325099132664,0.4905326885162628,0.42540397626255355,0.36892249626168266,0.31994014680057714,0.27746126623743284,0.24062239866465238,0.2086747500293667,0.1809689790514501,0.15694201437300237,0.1361056297886599,0.11803654398192648,0.10236784077469133,0.08878153134816616,0.07700210206453963,0.06679091118838311,0.05794131561027291,0.05027442504504191,0.04363539631868385,0.03789019426618102,0.0329227582799061,0.028632524448561132,0.024932262304688913,0.021746192345839747,0.019008355744187765,0.016661211198246963,0.014654436024493046,0.012943909734707907,0.011490858919129331,0.010261142645473094,0.009224658101464996,0.008354847061468471,0.007628285042983511,0.007024336732485474,0.006524863320445141,0.8733425672875464,1.0],[1.0,1.3316755318309603,1.4322433294378545,1.432574182375989,1.3925079063450043,1.3390193654702844,1.2839279459110327,1.2321082547700326,1.1852910560508323,1.14381776579167,1.107445924175689,1.075715146382078,1.0481100235254488,1.0241296587632063,1.003314656928176,0.9852550616336218,0.969590056798533,0.9560043735682756,0.9442236248254514,0.9340095358922065,0.9251554660662668,0.9174823566624745,0.9108351279860154,0.9050795015266082,0.9000992080484282,0.8957935400610608,0.8920752103561514,0.8888684830997966,0.8861075486407628,0.8837351170072282,0.8817012078313358,0.8799621162589755,0.8784795355133532,0.8772198174780974,0.8761533532298459,0.8752540561084433,0.8744989308154741,0.8738677132469856,0.8733425672875464,1.7401364241827826,1.0],[1.0,1.0,1.0,1.0,1.0,1.0,1.0,1.0,1.0,1.0,1.0,1.0,1.0,1.0,1.0,1.0,1.0,1.0,1.0,1.0,1.0,1.0,1.0,1.0,1.0,1.0,1.0,1.0,1.0,1.0,1.0,1.0,1.0,1.0,1.0,1.0,1.0,1.0,1.0,1.0,1.0]],"zmax":1.5,"zmin":0,"type":"heatmap","xaxis":"x","yaxis":"y"},{"colorbar":{"x":0.55},"colorscale":[[0.0,"#440154"],[0.1111111111111111,"#482878"],[0.2222222222222222,"#3e4989"],[0.3333333333333333,"#31688e"],[0.4444444444444444,"#26828e"],[0.5555555555555556,"#1f9e89"],[0.6666666666666666,"#35b779"],[0.7777777777777778,"#6ece58"],[0.8888888888888888,"#b5de2b"],[1.0,"#fde725"]],"visible":true,"x":[1.0,0.9750000000000001,0.9500000000000001,0.925,0.9,0.875,0.8500000000000001,0.8250000000000001,0.8,0.775,0.75,0.7250000000000001,0.7000000000000001,0.675,0.65,0.625,0.6000000000000001,0.5750000000000001,0.55,0.525,0.5,0.47500000000000003,0.45,0.42500000000000004,0.4,0.375,0.35000000000000003,0.325,0.30000000000000004,0.275,0.25,0.225,0.2,0.17500000000000002,0.15000000000000002,0.125,0.1,0.07500000000000001,0.05,0.025,0.0],"y":[1.0,0.9750000000000001,0.9500000000000001,0.925,0.9,0.875,0.8500000000000001,0.8250000000000001,0.8,0.775,0.75,0.7250000000000001,0.7000000000000001,0.675,0.65,0.625,0.6000000000000001,0.5750000000000001,0.55,0.525,0.5,0.47500000000000003,0.45,0.42500000000000004,0.4,0.375,0.35000000000000003,0.325,0.30000000000000004,0.275,0.25,0.225,0.2,0.17500000000000002,0.15000000000000002,0.125,0.1,0.07500000000000001,0.05,0.025,0.0],"z":[[1.0,1.0,1.0,1.0,1.0,1.0,1.0,1.0,1.0,1.0,1.0,1.0,1.0,1.0,1.0,1.0,1.0,1.0,1.0,1.0,1.0,1.0,1.0,1.0,1.0,1.0,1.0,1.0,1.0,1.0,1.0,1.0,1.0,1.0,1.0,1.0,1.0,1.0,1.0,1.0,1.0],[1.0,0.0,0.0,0.0,0.0,0.0,0.0,0.0,0.0,0.0,0.0,0.0,0.0,0.0,0.0,0.0,0.0,0.0,0.0,0.0,0.0,0.0,0.0,0.0,0.0,0.0,0.0,0.0,0.0,0.0,0.0,0.0,0.0,0.0,0.0,0.0,0.0,0.0,0.0,0.0,1.0],[1.0,0.0,0.0,0.0,0.0,0.0,0.0,0.0,0.0,0.0,0.0,0.0,0.0,0.0,0.0,0.0,0.0,0.0,0.0,0.0,0.0,0.0,0.0,0.0,0.0,0.0,0.0,0.0,0.0,0.0,0.0,0.0,0.0,0.0,0.0,0.0,0.0,0.0,0.0,0.0,1.0],[1.0,0.0,0.0,0.0,0.0,0.0,0.0,0.0,0.0,0.0,0.0,0.0,0.0,0.0,0.0,0.0,0.0,0.0,0.0,0.0,0.0,0.0,0.0,0.0,0.0,0.0,0.0,0.0,0.0,0.0,0.0,0.0,0.0,0.0,0.0,0.0,0.0,0.0,0.0,0.0,1.0],[1.0,0.0,0.0,0.0,0.0,0.0,0.0,0.0,0.0,0.0,0.0,0.0,0.0,0.0,0.0,0.0,0.0,0.0,0.0,0.0,0.0,0.0,0.0,0.0,0.0,0.0,0.0,0.0,0.0,0.0,0.0,0.0,0.0,0.0,0.0,0.0,0.0,0.0,0.0,0.0,1.0],[1.0,0.0,0.0,0.0,0.0,0.0,0.0,0.0,0.0,0.0,0.0,0.0,0.0,0.0,0.0,0.0,0.0,0.0,0.0,0.0,0.0,0.0,0.0,0.0,0.0,0.0,0.0,0.0,0.0,0.0,0.0,0.0,0.0,0.0,0.0,0.0,0.0,0.0,0.0,0.0,1.0],[1.0,0.0,0.0,0.0,0.0,0.0,0.0,0.0,0.0,0.0,0.0,0.0,0.0,0.0,0.0,0.0,0.0,0.0,0.0,0.0,0.0,0.0,0.0,0.0,0.0,0.0,0.0,0.0,0.0,0.0,0.0,0.0,0.0,0.0,0.0,0.0,0.0,0.0,0.0,0.0,1.0],[1.0,0.0,0.0,0.0,0.0,0.0,0.0,0.0,0.0,0.0,0.0,0.0,0.0,0.0,0.0,0.0,0.0,0.0,0.0,0.0,0.0,0.0,0.0,0.0,0.0,0.0,0.0,0.0,0.0,0.0,0.0,0.0,0.0,0.0,0.0,0.0,0.0,0.0,0.0,0.0,1.0],[1.0,0.0,0.0,0.0,0.0,0.0,0.0,0.0,0.0,0.0,0.0,0.0,0.0,0.0,0.0,0.0,0.0,0.0,0.0,0.0,0.0,0.0,0.0,0.0,0.0,0.0,0.0,0.0,0.0,0.0,0.0,0.0,0.0,0.0,0.0,0.0,0.0,0.0,0.0,0.0,1.0],[1.0,0.0,0.0,0.0,0.0,0.0,0.0,0.0,0.0,0.0,0.0,0.0,0.0,0.0,0.0,0.0,0.0,0.0,0.0,0.0,0.0,0.0,0.0,0.0,0.0,0.0,0.0,0.0,0.0,0.0,0.0,0.0,0.0,0.0,0.0,0.0,0.0,0.0,0.0,0.0,1.0],[1.0,0.0,0.0,0.0,0.0,0.0,0.0,0.0,0.0,0.0,0.0,0.0,0.0,0.0,0.0,0.0,0.0,0.0,0.0,0.0,0.0,0.0,0.0,0.0,0.0,0.0,0.0,0.0,0.0,0.0,0.0,0.0,0.0,0.0,0.0,0.0,0.0,0.0,0.0,0.0,1.0],[1.0,0.0,0.0,0.0,0.0,0.0,0.0,0.0,0.0,0.0,0.0,0.0,0.0,0.0,0.0,0.0,0.0,0.0,0.0,0.0,0.0,0.0,0.0,0.0,0.0,0.0,0.0,0.0,0.0,0.0,0.0,0.0,0.0,0.0,0.0,0.0,0.0,0.0,0.0,0.0,1.0],[1.0,0.0,0.0,0.0,0.0,0.0,0.0,0.0,0.0,0.0,0.0,0.0,0.0,0.0,0.0,0.0,0.0,0.0,0.0,0.0,0.0,0.0,0.0,0.0,0.0,0.0,0.0,0.0,0.0,0.0,0.0,0.0,0.0,0.0,0.0,0.0,0.0,0.0,0.0,0.0,1.0],[1.0,0.0,0.0,0.0,0.0,0.0,0.0,0.0,0.0,0.0,0.0,0.0,0.0,0.0,0.0,0.0,0.0,0.0,0.0,0.0,0.0,0.0,0.0,0.0,0.0,0.0,0.0,0.0,0.0,0.0,0.0,0.0,0.0,0.0,0.0,0.0,0.0,0.0,0.0,0.0,1.0],[1.0,0.0,0.0,0.0,0.0,0.0,0.0,0.0,0.0,0.0,0.0,0.0,0.0,0.0,0.0,0.0,0.0,0.0,0.0,0.0,0.0,0.0,0.0,0.0,0.0,0.0,0.0,0.0,0.0,0.0,0.0,0.0,0.0,0.0,0.0,0.0,0.0,0.0,0.0,0.0,1.0],[1.0,0.0,0.0,0.0,0.0,0.0,0.0,0.0,0.0,0.0,0.0,0.0,0.0,0.0,0.0,0.0,0.0,0.0,0.0,0.0,0.0,0.0,0.0,0.0,0.0,0.0,0.0,0.0,0.0,0.0,0.0,0.0,0.0,0.0,0.0,0.0,0.0,0.0,0.0,0.0,1.0],[1.0,0.0,0.0,0.0,0.0,0.0,0.0,0.0,0.0,0.0,0.0,0.0,0.0,0.0,0.0,0.0,0.0,0.0,0.0,0.0,0.0,0.0,0.0,0.0,0.0,0.0,0.0,0.0,0.0,0.0,0.0,0.0,0.0,0.0,0.0,0.0,0.0,0.0,0.0,0.0,1.0],[1.0,0.0,0.0,0.0,0.0,0.0,0.0,0.0,0.0,0.0,0.0,0.0,0.0,0.0,0.0,0.0,0.0,0.0,0.0,0.0,0.0,0.0,0.0,0.0,0.0,0.0,0.0,0.0,0.0,0.0,0.0,0.0,0.0,0.0,0.0,0.0,0.0,0.0,0.0,0.0,1.0],[1.0,0.0,0.0,0.0,0.0,0.0,0.0,0.0,0.0,0.0,0.0,0.0,0.0,0.0,0.0,0.0,0.0,0.0,0.0,0.0,0.0,0.0,0.0,0.0,0.0,0.0,0.0,0.0,0.0,0.0,0.0,0.0,0.0,0.0,0.0,0.0,0.0,0.0,0.0,0.0,1.0],[1.0,0.0,0.0,0.0,0.0,0.0,0.0,0.0,0.0,0.0,0.0,0.0,0.0,0.0,0.0,0.0,0.0,0.0,0.0,0.0,0.0,0.0,0.0,0.0,0.0,0.0,0.0,0.0,0.0,0.0,0.0,0.0,0.0,0.0,0.0,0.0,0.0,0.0,0.0,0.0,1.0],[1.0,0.0,0.0,0.0,0.0,0.0,0.0,0.0,0.0,0.0,0.0,0.0,0.0,0.0,0.0,0.0,0.0,0.0,0.0,0.0,0.0,0.0,0.0,0.0,0.0,0.0,0.0,0.0,0.0,0.0,0.0,0.0,0.0,0.0,0.0,0.0,0.0,0.0,0.0,0.0,1.0],[1.0,0.0,0.0,0.0,0.0,0.0,0.0,0.0,0.0,0.0,0.0,0.0,0.0,0.0,0.0,0.0,0.0,0.0,0.0,0.0,0.0,0.0,0.0,0.0,0.0,0.0,0.0,0.0,0.0,0.0,0.0,0.0,0.0,0.0,0.0,0.0,0.0,0.0,0.0,0.0,1.0],[1.0,0.0,0.0,0.0,0.0,0.0,0.0,0.0,0.0,0.0,0.0,0.0,0.0,0.0,0.0,0.0,0.0,0.0,0.0,0.0,0.0,0.0,0.0,0.0,0.0,0.0,0.0,0.0,0.0,0.0,0.0,0.0,0.0,0.0,0.0,0.0,0.0,0.0,0.0,0.0,1.0],[1.0,0.0,0.0,0.0,0.0,0.0,0.0,0.0,0.0,0.0,0.0,0.0,0.0,0.0,0.0,0.0,0.0,0.0,0.0,0.0,0.0,0.0,0.0,0.0,0.0,0.0,0.0,0.0,0.0,0.0,0.0,0.0,0.0,0.0,0.0,0.0,0.0,0.0,0.0,0.0,1.0],[1.0,0.0,0.0,0.0,0.0,0.0,0.0,0.0,0.0,0.0,0.0,0.0,0.0,0.0,0.0,0.0,0.0,0.0,0.0,0.0,0.0,0.0,0.0,0.0,0.0,0.0,0.0,0.0,0.0,0.0,0.0,0.0,0.0,0.0,0.0,0.0,0.0,0.0,0.0,0.0,1.0],[1.0,0.0,0.0,0.0,0.0,0.0,0.0,0.0,0.0,0.0,0.0,0.0,0.0,0.0,0.0,0.0,0.0,0.0,0.0,0.0,0.0,0.0,0.0,0.0,0.0,0.0,0.0,0.0,0.0,0.0,0.0,0.0,0.0,0.0,0.0,0.0,0.0,0.0,0.0,0.0,1.0],[1.0,0.0,0.0,0.0,0.0,0.0,0.0,0.0,0.0,0.0,0.0,0.0,0.0,0.0,0.0,0.0,0.0,0.0,0.0,0.0,0.0,0.0,0.0,0.0,0.0,0.0,0.0,0.0,0.0,0.0,0.0,0.0,0.0,0.0,0.0,0.0,0.0,0.0,0.0,0.0,1.0],[1.0,0.0,0.0,0.0,0.0,0.0,0.0,0.0,0.0,0.0,0.0,0.0,0.0,0.0,0.0,0.0,0.0,0.0,0.0,0.0,0.0,0.0,0.0,0.0,0.0,0.0,0.0,0.0,0.0,0.0,0.0,0.0,0.0,0.0,0.0,0.0,0.0,0.0,0.0,0.0,1.0],[1.0,0.0,0.0,0.0,0.0,0.0,0.0,0.0,0.0,0.0,0.0,0.0,0.0,0.0,0.0,0.0,0.0,0.0,0.0,0.0,0.0,0.0,0.0,0.0,0.0,0.0,0.0,0.0,0.0,0.0,0.0,0.0,0.0,0.0,0.0,0.0,0.0,0.0,0.0,0.0,1.0],[1.0,0.0,0.0,0.0,0.0,0.0,0.0,0.0,0.0,0.0,0.0,0.0,0.0,0.0,0.0,0.0